audio:
  device:
    name: MacBook Pro Microphone
    index: 1
  blocksize: 256
  channels: 1
dsp:
  low:
    lo_hz: 72.0
    hi_hz: 232.0
  mid:
    lo_hz: 312.0
    hi_hz: 1920.0
  high:
    lo_hz: 3264.0
    hi_hz: 13184.0
  tau:
    low: 0.04007222664388595
    mid: 0.025309699827756167
    high: 0.014696380028237662
autoscale:
  tau_release_s: 120.0
  noise_floor: 0.0003307949
  strength: 1.0
fft:
  enabled: true
  n_bins: 128
  window_size: 1024
  hop: 512
  f_min: 30.0
  db_floor: -60.0
  db_ceiling: 0.0
osc:
  destinations:
  - host: 127.0.0.1
    port: 9000
  send_fft: false
ws:
  enabled: true
  host: 127.0.0.1
  port: 8765
  snapshot_hz: 60
  http_port: 8766
