audio:
  device:
    name: MacBook Pro Microphone
    index: 1
  blocksize: 256
  channels: 1
dsp:
  low:
    lo_hz: 80.0
    hi_hz: 200.0
  mid:
    lo_hz: 312.0
    hi_hz: 1920.0
  high:
    lo_hz: 2880.0
    hi_hz: 12800.0
  tau:
    low: 0.04478187070751341
    mid: 0.025385825194314888
    high: 0.014696380028237662
autoscale:
  tau_attack_s: 0.23980228135543274
  tau_release_s: 120.0
  noise_floor: 0.0005639751999999999
  strength: 1.0
fft:
  enabled: true
  n_bins: 128
  window_size: 1024
  hop: 512
  f_min: 30.0
  db_floor: -60.0
  db_ceiling: 0.0
  peak_smear_oct: 0.1
  tilt_db_per_oct: 2.0
  send_raw_db: false
osc:
  destinations:
  - host: 127.0.0.1
    port: 9000
  send_fft: false
ws:
  enabled: true
  host: 127.0.0.1
  port: 8765
  snapshot_hz: 60
  http_port: 8766
ui:
  peak_decay_per_s: 0.5
