audio:
  device:
    name: MacBook Pro Microphone
    index: 1
  blocksize: 256
  channels: 1
dsp:
  low:
    lo_hz: 32.0
    hi_hz: 136.0
  mid:
    lo_hz: 192.0
    hi_hz: 1792.0
  high:
    lo_hz: 2752.0
    hi_hz: 19840.0
  tau:
    low: 0.07416911092789563
    mid: 0.04031364401035624
    high: 0.02002406830837031
autoscale:
  tau_release_s: 30.0
  noise_floor: 0.0009260999999999999
  strength: 1.0
fft:
  enabled: true
  n_bins: 128
  window_size: 1024
  hop: 512
  f_min: 30.0
  db_floor: -80.0
  db_ceiling: 0.0
osc:
  destinations:
  - host: 127.0.0.1
    port: 9000
  send_fft: false
ws:
  enabled: true
  host: 127.0.0.1
  port: 8765
  snapshot_hz: 60
  http_port: 8766
